[1,0.003907,0.005752, 0.907673,"Client-4"],
[2,0.002919,0.005450, 0.916642,"Client-4"],
[3,0.002751,0.005337, 0.922912,"Client-4"],
[4,0.002480,0.005198, 0.925549,"Client-4"],
[5,0.002384,0.005052, 0.928566,"Client-4"], 
[6,0.002253,0.005418, 0.930251,"Client-4"],
[7,0.002269,0.005471, 0.931548,"Client-4"],
[8,0.002147,0.005240, 0.933350,"Client-4"],
[9,0.002160,0.005737, 0.933492,"Client-4"],
[10,0.002043,0.005553, 0.934209,"Client-4"],
[11,0.002095,0.005397, 0.934167,"Client-4"],
[12,0.001940,0.005674, 0.935134,"Client-4"],
[13,0.001941,0.005571, 0.935259,"Client-4"],
[14,0.001917,0.005548, 0.935872,"Client-4"],
[15,0.001918,0.006023, 0.937156,"Client-4"],
[16,0.001906,0.006142, 0.937414,"Client-4"], 
[17,0.001902,0.005786  0.936486,"Client-4"],
[18,0.001851,0.006048, 0.935034,"Client-4"],
[19,0.001804,0.005939, 0.936067,"Client-4"],
[20,0.001830,0.005782, 0.935216,"Client-4"]
